123

8818181 Condico 1883188188 818 jeder andere, 881 818 8818188 8881 na-
88881181 118 118 1818318818 compositionem voraugswoisa 38813881
881, man annehmen 1811888, Aeschylus werde auch wohl den Confliot
8881881888 Zeus 88118888811888 am 1818188 18 8818188 118188 88138-
18881, 881 8188118811 88111888811, 11818181 und 18811818 88188188
18118 1183888 1881318181 38118111 haben. 1111 andern Worten‚ 818 Con-
1181 88188188 1888 11818188 dote und 1881811818 18811888811811
8138818 8181 1188811818883 8881 8881888188 Aeschylos 81811388 181-
183188188118881811883 non 1888, 88888881 dom 11818188 (18118 8818
11888888811888811881 18811888 8838118111 nonde, woraoa 1888181388
eorde, 1888 1888131888818818818888 Condico 388 81811 188818188
8188 1888 or 118 881 8188118188 188818188 8888818, 118 8181 8811881888
1888188183 188 11818188 (181188 8818881181 888818138811888. Er 188818
18818818888388, 118 1188 1881111 88 118 818811, 888 3881388 881
[oeten 8818818131181111. 1188188111, 8838181; 18881888 1181881118
18811188 88181818818888388 81811181 gemacht habe, 81818 1818818118
8881 zu erweisen 8818. 18118818, 188 11188 881188 8881 818 Remos,
wo 18811888 881181811 nno 881 188 81888 Seite 81818, 881 818811-
8883, 881881811888 38111881 881 118 888188818118181811888818881
88181818 wdrdiger 88188118111818811838881881 188318818811888181883.
ffin 8818188 1188881 nun und eine 881818 118883 181 8881 888188818-
81811 18 188 188881188818118318 vom Aeschylos 1883881811 worden: 881
neno der 11181188 8888881881, 188188818888 881181 118118 Seite 188

“ 8888818888 188 1881181888 8818 1811818818 88 181888881888, 118 881

einen Siandponkt 88 8181881888 8818818 881888 88113818881188 andero

2¹ 1181888883883 1888881 81811 omnin 188818, 8881 mit dieser Saite 181·
’ 1811 88 8318881118188, nnd 1888 88 8188 um 8ο 3888888188 188 881-
8 1818811888388111888113883881383888818 8188818, 118 88118 81811

881881888188181 181 8881118 8818, 1888 8188 1188818, 118 11881183-
888 moeno, 11888188 881. 11881 8883 man 1881188188188 wie man
88818, 8888 1181111881 81811888818881, 1888181 doeh 8881381888 118
18811 18811811888 8888188888 moeson, 8188 118811, 118 8181 8811888
selbot 818 an 88 818188 181888 8818 3188881818 1888181181. 11888
was 881888 818 8188 11181883 881888 8818111388 118811 181 88, 1888818 88

1888 8881888118, 8818818188 der 3818888118 Prometheos sie 38818111

181, 88 1881181188, 1888 Sio 88 8838888118 88138188, 118, 88888 81811
ganz, 1881 8881381888 1181188188 1818831188 wellen?

’ ’ 1188118188 8818888 1188881888 88188188188811818188818

 

