,,..’1.91).,.Μ

1155113551. 11, 35 - 111, 332.
11, 36 - 111, 333.

de legg. 11, 13 -111, 327.
11, 24 -111, 38116.

ηπ-Μωι

ηω-Μωη

de nat. deor. 1, 1-111, 291 sq. 358.

1, 5-111, 297.

1, 8-111, 28055. ·

1, 9-111, 299.

1, 10-111 283 aq. 301 sq.
359.

1, 11 -111, 307. 360.

l, 12 -111, 361.

1, 13 - 111, 310.

1, 1141131116. 361.

1, 15-111,309.315.362.

1, 17 -111, 315. 363.

1, 18-111, 315. 363.

l, 23 -111, 286.

l, 25 -111, 317. 363.

1, 26 -111, 365.

1, 27-111, 287, 309317.

1, 29 -111, 287.

1, 30 -111, 306.

1, 31 -111, 309, 318.

1, 32-111, 289. 305.
325. 328.

1Μ-ΜΜ9

1, 36 -111, 321. 366.

1, 38 - 111, 367. 11,501.

1, 10-111, 289.

1, 41,- 111, 310.

1, 13 -111, 308. 368.

11, 1-Π1, 321.

11, 2-111, 302. 325. 383.

11, 3-111, 271. 326.

11, 4-111, 32615.

11, 5-111, 328.

11, 6- 111, 328. 370.

11, 9- 111, 328.

11, 13-Π1,305.325. 330.

11, 13-111, 330.

11, 19-111, 330.

11, 21- 111, 370.

stw—ffiffik

11, 28 -111, 331.

11, 31 -111, 332,

11, 12 -111, 331 sq.
11, 11-111, 33016.
’ 11, 47-111, 337.
11, 19 -111, 337111. 382.
11, 50-111, 338.
11, 52 - 111, 339.
11, 53-111, 371.
11, 54-111, 372.
11, 55 -111, 374.
11, 56 -111, 376.
11, 59-111, 377.
11, 65 -111, 378.
11, 66 -111, 295.
111, 1- 111, 341sq.
111, 3- 111, 343 sq. 378.
111, 4-111, 311.
111, 7- 111, 315.
111, 9- 111, 346. 383,
111, 12 -111, 345.
111, 11-1Π, 317.
111, 16 -111, 317.
111, 17 -ΠΙ, 380.
111, 19-111, 317 sq.
111, 20 -111, 318. 381.
111, 21 -111, 319.

mnw-mum‚‚ ,

31915.
fflffl-stw
111, 24 - 111, 351.
ΙΠ, 27 -111, 351.
111, 32 -111, 352.
111, 31 - 111, 353.
111, 35-111, 353511. Α
de off. 1, 7 -111, 310.
1, 15 - 111, 301. 372.
1, 34 -111, 372.
1, 36 -111, 304.
11, 9- 111, 306.
111, 11 -111, 304.
<le or. 11, 78 -111, 330.
in or. Phil. XH, 93-11, 225.
or. in tog. eund. 11, 1-111, 316.

 

